#TESTNET CREDENTIALS
MY_ACCOUNT_ID=0.0.3885341
OPERATOR_PBKEY=302a300506032b65700321009f914ee00e434828ad4c94e6e4283d51464704fa1301b0abcdaffde3292e57e9
MY_PRIVATE_KEY=302e020100300506032b6570042204208e9fed96d6c54ad027cbf634fc55bf9dde506b13363bf783dbcc94f54e3d0165
###---------- Account 1 credential----------------###
Account1_Id= 0.0.4053772 
Account1_PBKEY=302a300506032b65700321007d4f13021ee2408d710516e2bed6295b8dc8418470adeb4eaa337fa5342fcc48
Account1_PVKEY=302e020100300506032b6570042204208eeb38c004f257613a75ac52652c670b74d9623fedad1228aff12b40c3f47e52 
###---------- Account 2 credential----------------###
Account2_Id= 0.0.4053773 
Account2_PBKEY=302a300506032b65700321006768a0b2a7155e475e48ca3eb226aa6e248b591105a6f6799a59723b7d84d602
Account2_PVKEY=302e020100300506032b657004220420d6c6324308a0b34fd2def7612864ee699cf434ff186ed75587575316512fee21 
###---------- Account 3 credential----------------###
Account3_Id= 0.0.4053774 
Account3_PBKEY=302a300506032b65700321004b944e12bba768253cfea717058f32ec70d35b158ed63aeb5d0232ef2b593a37
Account3_PVKEY=302e020100300506032b6570042204206a82d44d9fc6d23d81efe20004328afe897687110e4316c710f836a8fc3b2900 
###---------- Account 4 credential----------------###
Account4_Id= 0.0.4053775 
Account4_PBKEY=302a300506032b657003210016653ef0bbc4a8d99b07db6252ca3d1d273b32002523ebdd9741b5665bdd85ef
Account4_PVKEY=302e020100300506032b6570042204201e04aad72278c1c0a5fe3110996ea51e3e7315babcd2033df233abf01e7f7d78 
###---------- Account 5 credential----------------###
Account5_Id= 0.0.4053776 
Account5_PBKEY=302a300506032b657003210022fa760f9fe023b5f086e525ffccb31cacd82e4f84d9514c54f29c73d5281345
Account5_PVKEY=302e020100300506032b65700422042048ab4bfd934f0e8252c2a239e1462c1eb8555667f7f27831e9e5c5998962ab20 
#---------------------- Token ID --------------------------
TOKEN_ID=0.0.4054228

#---------------------- Scheduled ID --------------------------
SCHEDULE_ID=0.0.4054425

HEDERA_NETWORK=testnet
